436	681	1
436	681	52
436	681	4
436	681	24
436	681	2
436	58	1
436	274	9
436	274	5
436	274	6
436	274	3
436	274	27
436	274	28
436	274	1
436	274	1
436	274	1
436	632	1
436	128	7
436	128	5
436	128	3
436	128	2
436	128	2
436	128	7
436	128	8
436	128	9
436	128	3
436	128	4
436	128	14
436	128	5
436	128	1
436	128	2
436	128	1
436	128	48
436	524	2
436	524	16
436	524	2
436	524	7
436	505	3
436	674	5
436	674	2
436	674	3
436	674	1
436	62	1
436	348	1
436	348	2
436	348	4
436	348	3
436	348	1
436	348	14
436	348	2
436	348	5
436	348	1
436	348	2
436	348	1
436	348	3
436	348	4
436	348	2
436	348	7
436	348	1
436	348	4
436	348	10
436	348	1
436	348	1
436	348	2
436	348	4
436	348	5
436	348	1
436	348	19
436	348	18
436	348	7
436	348	1
436	348	4
436	348	3
436	348	15
436	348	3
436	348	8
436	348	2
436	348	5
436	743	1
436	116	4
436	116	2
436	694	1
436	628	1
436	432	2
436	540	1
436	540	1
436	540	2
436	540	1
436	540	1
436	540	1
436	540	1
436	67	1
436	37	1
436	37	1
436	37	2
436	37	1
436	37	2
436	37	4
436	37	3
436	37	4
436	135	1
436	135	1
436	744	47
436	744	1
436	282	2
436	636	2
436	12	1
436	478	2
436	478	3
436	478	3
436	478	1
436	478	1
436	478	1
436	478	1
436	229	1
436	123	1
436	123	2
436	382	1
436	382	1
436	39	1
436	39	1
436	649	3
436	443	1
436	443	1
436	443	10
436	443	2
436	443	1
436	443	1
436	443	1
436	443	1
436	752	1
436	33	2
436	304	1
436	298	1
436	755	1
436	140	19
436	140	18
436	140	2
436	575	1
436	575	10
436	575	54
436	375	1
436	16	1
436	406	1